-0.0379868	
-0.319367	
0.106796	
-0.00143273	
-0.0404322	
0.206577	
0.219898	
0.0429865	
0.247406	
0.285566	
0.141283	
0.0759159	
-0.0673700	
0.218419	
-0.115363	
-0.344248	
-0.0238058	
-0.253987	
-0.0156683	
0.134769	
-0.193050	
0.237381	
0.260347	
-0.0722940	
0.225166	
0.000134243	
-0.0205691	
0.160869	
0.00714243	
-0.00230411	
0.0588650	
0.278848	
0.0736382	
-0.0627239	
-0.225315	
0.274102	
-0.0258634	
-0.000160909	
-0.0296030	
0.00544134	
-0.00723381	
-9.30563e-5	
-0.114271	
-0.000340433	
0.000286449	
-0.0871149	
-0.0410664	
-0.238879	
-0.00143324	
0.00706037	
0.234157	
0.126444	
-0.000132271	
0.0167790	
0.000400017	
0.000424984	
-0.149192	
-9.50987e-5	
0.228784	
-0.0104274	
0.000485353	
-0.253158	
0.0515682	
0.00889749	
-0.0371599	
0.238045	
-0.0195109	
-0.0360573	
-0.0261969	
-0.000753237	
-0.0152858	
-0.123216	
-0.0164793	
-0.000542041	
-0.0384012	
-0.223471	
-0.0762789	
0.00567550	
0.143827	
-0.193667	
0.108603	
0.000206457	
-0.189182	
0.114266	
-0.00252511	
2.81959e-5	
-0.000524828	
0.108382	
-0.107232	
-2.29680e-5	
-2.47484e-5	
0.224717	
0.00998153	
-0.0177465	
0.000285169	
-0.000218824	
-4.47474e-5	
-0.131605	
-0.0114446	
0.170724	
-0.0167202	
0.266537	
0.105937	
-0.247410	
0.502967	
0.0893497	
0.150151	
0.000870560	
0.000323651	
-0.164157	
0.241116	
-0.357300	
-0.173293	
0.190929	
0.161594	
-0.103484	
0.179545	
-0.000270859	
0.000369423	
0.454685	
8.07520e-5	
0.000139274	
0.00631423	
-0.0794860	
-0.00333432	
-2.41534e-5	
0.103578	
-0.109352	
-0.000480903	
-0.0704535	
0.195736	
0.0248222	
-5.31236e-5	
0.194701	
-0.114660	
-0.000467622	
0.0494815	
-0.000434036	
0.0244206	
-0.000164436	
0.283106	
-0.000270303	
-0.000527563	
-0.00540947	
-0.0600088	
-0.0774874	
0.190954	
-0.187001	
0.000759501	
0.0193439	
-0.000960091	
0.357214	
-0.253231	
3.90191e-5	
-0.000520720	
-0.000121114	
0.00263108	
9.51863e-5	
0.0557435	
-0.000776500	
0.170460	
0.00503363	
0.200241	
0.000331587	
0.000139025	
0.126174	
0.0616706	
0.278846	
-0.117415	
-0.0769159	
-4.10244e-5	
-0.00381904	
0.238465	
0.310872	
-0.142472	
7.57778e-5	
-0.183912	
-0.000446522	
0.139146	
0.000706455	
-0.000103022	
0.00508374	
0.411180	
-0.0278011	
0.0115866	
-0.129443	
-0.0850180	
0.0232646	
-0.00318150	
0.000364197	
0.110967	
-0.000323987	
-0.00184813	
0.0430846	
0.000430574	
0.0216083	
0.0857848	
0.109330	
-0.000686814	
-0.126581	
-1.90658e-5	
0.139614	
0.226994	
-0.0266774	
-0.00249306	
-0.287151	
0.000102665	
-0.000713060	
0.00300998	
-0.386523	
0.00807663	
0.117611	
-0.234665	
0.000147062	
0.252876	
0.395319	
0.0336753	
0.179058	
-0.0285484	
0.245283	
-0.000220419	
0.0924314	
-0.000906236	
0.00502648	
0.000949881	
0.194308	
0.000466101	
0.00619947	
5.07268e-5	
0.000399478	
0.0133897	
-0.295670	
-0.000862340	
0.151562	
-0.000596933	
-0.147990	
0.0382491	
-0.0529780	
0.200911	
-0.00760455	
0.195187	
-0.163543	
0.0119435	
-0.0130947	
-0.000243863	
0.00798774	
-0.000114780	
-0.0974119	
0.0185709	
-0.136317	
