-8.426043377908244703e-02
-3.830311449832266013e-01
2.174071714255776666e-01
-8.197740537557179907e-02
-2.010941099171043300e-01
1.192530286069840573e-01
1.381143208637734265e-01
2.447041334855096228e-01
2.957572505656906880e-01
2.377949582080780555e-01
9.479651069656452878e-02
2.388200264122302963e-01
-1.673714512850144054e-02
1.234312085709989154e-01
-8.514289258407037320e-02
-5.057229594317965704e-01
5.669728673889704691e-05
-1.273564627180404918e-01
6.322552055092918455e-03
1.023535709865949217e-01
-3.007245062995029805e-01
1.329066157853681374e-01
2.960522627190484979e-01
-8.335944214336403479e-02
2.285211609719988157e-01
6.326058816952546808e-05
-7.951877255503256997e-03
1.215526626769163066e-01
5.468052526131446378e-02
-1.175207970568823145e-04
1.224126432420434979e-01
2.691680905477611407e-01
7.542052697401521733e-02
-1.355083001545836496e-01
-4.837438282135647638e-01
2.338713912511201642e-01
-7.053864835323346918e-03
-9.437216339624476553e-04
-1.523485064313064019e-02
2.448580608826261221e-03
-1.202616494473543601e-01
-1.060799662702411602e-04
-1.180834914941073094e-01
-2.293445999065553409e-02
2.843465238481060519e-04
-1.934974666135966595e-02
-4.893865431515697154e-03
-4.190780696027830432e-01
-1.573770707786884548e-01
1.729923975345267276e-02
2.585480353384397856e-01
5.132048825041897813e-03
8.564580128733912875e-03
7.282351934445182795e-07
3.915078594510547892e-04
8.320249006175757869e-03
-1.394704989138332296e-01
-2.691588847034440124e-02
2.178520953192829290e-01
-6.023209378654438822e-04
2.441680272593111604e-03
-3.690990439418505020e-01
-9.072026599381094686e-05
1.005348192409221460e-03
-1.280679914594214097e-01
2.816029883852547711e-01
-1.955390195603167597e-02
-3.514128077292386632e-01
-1.245432982264270683e-01
-1.727711871802496690e-01
-2.551042305623886230e-01
-9.041741556552083947e-02
-8.635036764701173317e-02
-2.956235729142556862e-03
1.429075126258652108e-03
-2.390309294323962608e-01
-1.548724564855188390e-01
3.206362293009566711e-02
3.757648272296970713e-03
-1.002167151663552747e-01
1.926492154381616306e-02
2.046863422939322239e-04
-3.705893097772160472e-01
1.171141039326663476e-02
-2.079556722571433147e-01
-2.612409785971290394e-02
-4.960743235100872027e-04
1.404412445999802250e-01
-2.901185831830648443e-04
7.720402416848591589e-06
-2.925121918910631238e-02
3.814830685428587942e-01
3.841307194484711030e-02
-1.478193327080284426e-02
7.168751121247003005e-03
7.067961317405638928e-05
-7.638461465391463141e-05
-1.709063128174658497e-01
-1.647551643926450926e-01
1.155006944713271588e-01
-2.527833565528786117e-02
2.822901995922949547e-01
8.209499573826530006e-02
-1.002143147545065949e-01
4.894308536195606241e-01
1.032312397452826193e-02
1.551903410681957085e-01
1.011876058458443910e-02
2.434118275090487696e-04
-4.286895791633206498e-02
3.357850830075463366e-01
-2.877611785345757234e-01
-1.769840934643348296e-01
1.639086714903634501e-01
1.279995639823769127e-01
-3.842318186068534036e-01
1.198947462180169204e-01
-3.338668271270423676e-02
7.257834156315186227e-05
5.986691485433810467e-01
1.211009543764302634e-04
-1.223454589836238079e-04
2.925462949818609659e-01
-1.311483589063952571e-01
1.381249538923123577e-01
-1.707599747398282769e-04
8.003291192424747194e-03
-3.951663201792784408e-01
-5.492214455666801420e-04
-1.379289764689498043e-01
2.875448979977109354e-01
-2.167856692226423007e-03
4.497791050277360515e-03
1.834490944164121340e-01
-1.020821929332400291e-01
-9.098012676734771459e-03
1.497668524094995096e-02
-1.025881782902210481e-03
-4.145195323584691983e-03
8.267846733462298411e-03
1.481426977706073456e-01
-6.800862724506716306e-03
-1.014558055399864267e-01
8.079117198749938625e-03
-1.048667805559697214e-01
-1.412113443926261980e-01
6.742799494853132791e-02
-1.210735849960614847e-02
6.359808370177290511e-03
5.858042310823631527e-02
-1.683125939857668674e-01
4.326454740816044198e-01
-2.731548096235557055e-01
2.288446377767818733e-03
-1.636356600504620604e-02
1.637022819927295893e-03
9.623311671378256870e-04
-2.312969069244200093e-02
1.441515329316401528e-01
-2.002118060130430310e-01
2.089138745791931373e-01
-4.187431170460337304e-02
1.268992152371667959e-01
9.618695815767071104e-04
-4.395805027463194070e-02
2.309511810240882923e-01
1.589899712600280068e-01
4.430899004776371886e-01
-2.382496788735959103e-01
-4.157943859023322843e-03
1.976036468025583158e-03
-2.309724349629864101e-02
9.709445799200025484e-02
3.089949038186194374e-01
-4.744667660135681864e-02
1.309533480067511066e-04
-6.129118221214262946e-02
-8.814251693859506687e-03
1.762948007149678087e-01
6.697474962441983450e-04
-2.507868539195590857e-03
1.564841331950393634e-04
4.158259921152164251e-01
9.920118621309427856e-03
1.218834594274662009e-01
-7.337814740119989743e-02
-1.883187676199700455e-01
1.372089668595627594e-03
4.518510773005720383e-05
9.457784311144769459e-05
-1.606908581846696882e-01
-2.692615382448078506e-04
-1.279805897745769222e-02
1.239500074556077747e-01
7.005593796659466410e-02
2.235728642572938907e-01
2.185680226987394004e-01
4.750679502814299932e-02
-1.157606119882735457e-01
-1.052327520121548038e-01
-2.261812586013498341e-03
2.671896806537760738e-01
3.032993028741598485e-01
-2.929647682220282504e-03
-7.481471370734556203e-02
-2.998837305696370747e-01
-4.332615765358864665e-04
-6.606550541204355732e-04
-7.270080458747918417e-02
-3.819112065553959545e-01
5.596322016354688365e-03
2.401602433410883752e-01
-1.850779618734329224e-01
9.180914405025888351e-04
1.528809958397037323e-02
5.316293665566569349e-01
-4.765487371313074927e-02
1.008824484235453373e-01
-8.589268694987348129e-02
4.407397935386635490e-01
-2.351760310212174410e-04
9.919091999185371267e-02
-1.883680355699372507e-04
2.546334391062252817e-03
-5.198594105993818021e-02
1.950086641620130817e-02
7.724231358716697471e-02
9.193573856934464383e-03
8.550161529313829174e-05
2.790960530656818391e-04
-1.227183214211541584e-01
-2.818488419149460245e-01
-2.496929183355950724e-02
-2.297677847813427154e-02
-5.987179071981781455e-04
-5.652280826168037259e-02
-1.414446564891113332e-02
-5.631057620925018770e-02
1.468514318676830410e-01
-4.653389520941750637e-03
1.967285508231683966e-01
-4.120751305205666050e-04
-3.871763246357629029e-02
-7.822270248034976503e-02
-1.841722830303810308e-04
1.330213079088020944e-01
-7.400612775740491147e-05
-8.355625426218547813e-02
1.102502968624981955e-02
-8.092110045859163270e-02
